7
9
13
21
22
23
25
26
37
53
79
80
81
88
106
110
111
113
119
135
139
143
144
179
199
389
427
443
444
445
465
513
514
515
543
544
548
554
587
631
646
873
990
993
995
1025
1026
1027
1028
1029
1110
1433
1720
1723
1755
1900
2000
2001
2002
2003
2004
2005
2006
2007
2008
2009
2010
2011
2012
2013
2014
2015
2016
2017
2018
2019
2020
2021
2022
2023
2024
2025
2026
2027
2028
2029
2030
2031
2032
2033
2034
2035
2036
2037
2038
2039
2040
2041
2042
2043
2044
2045
2046
2047
2048
2049
2121
2717
3000
3128
3306
3389
3986
4899
5000
5009
5051
5060
5101
5190
5357
5432
5631
5666
5800
5900
5985
5986
6000
6001
6379
6646
7070
8000
8008
8009
8080
8081
8082
8083
8084
8085
8086
8087
8088
8089
8443
8888
9100
9999
10000
27017
29819
29820
32768
49152
49153
49154
49155
49156
49157
